+-----------------all_msa_1l-----------------+
              precision    recall  f1-score   support

           1       0.56      0.67      0.61       347
           2       0.60      0.56      0.58       285
           3       0.79      0.88      0.83       139
           4       0.59      0.64      0.61        86
           5       0.55      0.28      0.37        65
           6       0.81      0.50      0.62        50
           7       0.35      0.17      0.23        48

    accuracy                           0.61      1020
   macro avg       0.60      0.53      0.55      1020
weighted avg       0.61      0.61      0.60      1020
 
 Weighted accuracy: 0.528 
+-----------------END-----------------+
+-----------------all_msa_2l-----------------+
              precision    recall  f1-score   support

           1       0.55      0.76      0.64       347
           2       0.62      0.45      0.52       285
           3       0.82      0.88      0.85       139
           4       0.58      0.62      0.60        86
           5       0.56      0.29      0.38        65
           6       0.58      0.52      0.55        50
           7       0.33      0.12      0.18        48

    accuracy                           0.60      1020
   macro avg       0.58      0.52      0.53      1020
weighted avg       0.60      0.60      0.59      1020
 
 Weighted accuracy: 0.520 
+-----------------END-----------------+
+-----------------all_msa_3l-----------------+
              precision    recall  f1-score   support

           1       0.58      0.64      0.61       347
           2       0.59      0.56      0.58       285
           3       0.83      0.88      0.85       139
           4       0.64      0.59      0.61        86
           5       0.62      0.48      0.54        65
           6       0.59      0.54      0.56        50
           7       0.48      0.44      0.46        48

    accuracy                           0.62      1020
   macro avg       0.62      0.59      0.60      1020
weighted avg       0.62      0.62      0.62      1020
 
 Weighted accuracy: 0.590 
+-----------------END-----------------+
+-----------------all_msa_3l_20-----------------+
              precision    recall  f1-score   support

           1       0.58      0.60      0.59       347
           2       0.58      0.61      0.59       285
           3       0.84      0.90      0.87       139
           4       0.56      0.51      0.54        86
           5       0.57      0.43      0.49        65
           6       0.73      0.60      0.66        50
           7       0.35      0.38      0.36        48

    accuracy                           0.61      1020
   macro avg       0.60      0.57      0.59      1020
weighted avg       0.61      0.61      0.61      1020
 
 Weighted accuracy: 0.574 
+-----------------END-----------------+
+-----------------all_msa_4l-----------------+
              precision    recall  f1-score   support

           1       0.36      0.95      0.52       347
           2       0.00      0.00      0.00       285
           3       0.65      0.52      0.58       139
           4       0.00      0.00      0.00        86
           5       0.00      0.00      0.00        65
           6       0.00      0.00      0.00        50
           7       0.00      0.00      0.00        48

    accuracy                           0.39      1020
   macro avg       0.14      0.21      0.16      1020
weighted avg       0.21      0.39      0.26      1020
 
 Weighted accuracy: 0.209 
+-----------------END-----------------+
+-----------------all_nomsa_1l-----------------+
              precision    recall  f1-score   support

           1       0.49      0.66      0.56       347
           2       0.56      0.41      0.48       285
           3       0.75      0.84      0.79       139
           4       0.50      0.67      0.58        86
           5       0.65      0.37      0.47        65
           6       0.50      0.24      0.32        50
           7       0.15      0.04      0.07        48

    accuracy                           0.55      1020
   macro avg       0.52      0.46      0.47      1020
weighted avg       0.54      0.55      0.53      1020
 
 Weighted accuracy: 0.463 
+-----------------END-----------------+
+-----------------all_nomsa_2l-----------------+
              precision    recall  f1-score   support

           1       0.51      0.48      0.49       347
           2       0.51      0.70      0.59       285
           3       0.82      0.83      0.83       139
           4       0.63      0.45      0.53        86
           5       0.61      0.52      0.56        65
           6       0.34      0.22      0.27        50
           7       0.18      0.04      0.07        48

    accuracy                           0.56      1020
   macro avg       0.51      0.46      0.48      1020
weighted avg       0.54      0.56      0.54      1020
 
 Weighted accuracy: 0.465 
+-----------------END-----------------+
+-----------------all_nomsa_3l-----------------+
              precision    recall  f1-score   support

           1       0.36      0.94      0.52       347
           2       0.00      0.00      0.00       285
           3       0.63      0.53      0.57       139
           4       0.00      0.00      0.00        86
           5       0.00      0.00      0.00        65
           6       0.00      0.00      0.00        50
           7       0.00      0.00      0.00        48

    accuracy                           0.39      1020
   macro avg       0.14      0.21      0.16      1020
weighted avg       0.21      0.39      0.26      1020
 
 Weighted accuracy: 0.210 
+-----------------END-----------------+
+-----------------all+other_msa_2l-----------------+
              precision    recall  f1-score   support

           1       0.48      0.49      0.49       299
           2       0.54      0.73      0.62       335
           3       0.75      0.79      0.77       130
           4       0.38      0.12      0.18        78
           5       0.00      0.00      0.00        48
           6       0.51      0.62      0.56        52
           7       0.23      0.11      0.15        46
           8       0.42      0.38      0.40       260

    accuracy                           0.51      1248
   macro avg       0.41      0.40      0.39      1248
weighted avg       0.48      0.51      0.49      1248
 
 Weighted accuracy: 0.404 
+-----------------END-----------------+
+-----------------all_ems-----------------+
              precision    recall  f1-score   support

           1       0.56      0.57      0.56       347
           2       0.57      0.62      0.59       285
           3       0.87      0.87      0.87       290
           4       0.85      0.58      0.69        50
           5       0.47      0.31      0.38        48

    accuracy                           0.66      1020
   macro avg       0.66      0.59      0.62      1020
weighted avg       0.66      0.66      0.66      1020
 
 Weighted accuracy: 0.590 
+-----------------END-----------------+
+-----------------all_hum_fun_MSA-----------------+
              precision    recall  f1-score   support

           1       0.59      0.73      0.66       198
           2       0.63      0.48      0.55       149
           3       0.57      0.44      0.50        27
           4       0.78      0.73      0.75        62
           5       0.56      0.58      0.57        33
           6       0.54      0.50      0.52        30

    accuracy                           0.62       499
   macro avg       0.61      0.58      0.59       499
weighted avg       0.62      0.62      0.61       499
 
 Weighted accuracy: 0.577 
+-----------------END-----------------+
